Булгаков Ярослав Сергеевич
2
4
5 2 4 5 5 4 5 3 2 5 4 3 5 2 5 3 3 5 3 5 
0
ЯМП
4
Кракова Софья Павловна
4
2
3 5 5 4 5 3 5 4 3 5 4 2 5 3 2 5 5 3 5 2 3 5 5 4 4 2 5 2 2 5 3 4 2 2 5 2 3 3 2 2 
1
МА
4
Булгаков Ярослав Сергеевич
3
6
4 2 4 4 3 4 4 5 2 2 5 5 5 5 4 2 2 4 4 4 4 3 5 4 2 3 3 5 2 3 
0
АиАС
2
Гудков Василий Михайлович
1
2
5 2 4 2 3 4 3 2 5 5 
0
МЛиТА
3
Качалкова Дарья Сергеевна
3
1
2 3 2 3 3 4 4 5 4 2 5 4 5 3 3 2 2 2 4 4 5 3 5 2 3 2 5 4 4 5 
1
АиАС
3
Качалкова Дарья Сергеевна
2
2
3 5 2 2 3 3 4 2 5 2 2 3 2 5 4 4 2 4 4 3 
0
МЛиТА
3
Ковалёв Данил Юрьевич
4
1
4 3 4 2 4 4 4 2 4 2 4 4 4 3 3 3 3 5 4 3 3 5 4 2 3 4 2 3 4 4 5 5 4 2 4 3 3 3 4 2 
1
МА
4
Акованцев Павел Максимович
2
4
2 2 3 3 2 3 2 3 2 4 3 2 3 3 2 5 3 5 2 5 
0
МА
2
Аксянов Даниил Владимирович
4
7
2 5 4 5 2 2 4 3 2 2 3 3 4 2 3 5 4 3 5 3 5 5 3 4 3 5 4 3 2 4 2 3 2 4 3 5 3 5 4 5 
1
АиАС
3
Панькин Дмитрий Владимирович
1
9
5 2 5 2 4 4 2 4 5 4 
1
МА
3
Иванников Никита Сергеевич
4
4
3 3 2 2 4 2 2 3 3 2 3 4 3 2 3 2 3 3 3 4 4 2 5 3 5 2 5 5 4 3 3 2 3 3 3 5 2 3 3 5 
1
ЯМП
4
Аксянов Даниил Владимирович
4
8
4 5 5 4 5 3 5 5 5 5 4 2 5 2 3 2 5 3 4 3 5 3 4 5 5 2 5 3 2 3 2 4 5 2 3 4 4 5 4 5 
1
МА
3
Иванников Никита Сергеевич
4
9
5 3 2 2 5 2 3 3 4 4 4 2 5 5 2 3 3 2 5 4 5 5 3 2 3 5 2 3 2 4 2 4 5 3 3 2 2 5 2 2 
1
ЯМП
4
Гладких Александр Владимирович
3
9
4 3 2 2 5 4 3 5 3 4 3 2 3 3 2 5 3 2 5 5 3 3 4 4 5 3 3 5 4 4 
0
МЛиТА
3
Иванников Никита Сергеевич
3
7
4 4 5 5 4 5 5 4 5 3 5 4 2 3 4 3 3 5 5 3 5 2 2 2 4 2 2 5 4 5 
0
ЯМП
2
Ковалёв Данил Юрьевич
2
9
5 5 4 3 5 2 5 5 3 2 2 3 3 5 2 2 5 3 2 4 
0
ТВ
2
Гудков Василий Михайлович
4
6
3 4 5 2 2 4 2 2 3 3 2 3 4 4 3 4 4 2 2 2 3 5 2 3 3 3 5 4 2 5 2 4 2 3 3 3 4 4 5 2 
0
ЯМП
1
Панькин Дмитрий Владимирович
4
6
2 3 4 4 5 4 5 3 3 5 2 3 2 4 2 5 4 2 5 2 5 5 2 3 3 5 2 5 2 5 3 3 3 2 3 5 3 4 2 5 
1
МЛиТА
4
Булгаков Ярослав Сергеевич
3
1
5 4 2 4 3 3 2 4 5 2 3 5 4 3 4 5 4 3 3 5 5 4 5 5 4 3 4 4 5 5 
0
ТВ
1
Булгаков Ярослав Сергеевич
1
2
4 3 2 5 3 5 3 4 4 2 
0
МЛиТА
2
Акованцев Павел Максимович
4
1
3 3 2 3 5 5 3 5 3 4 2 3 4 2 4 5 3 2 2 3 2 4 3 5 5 5 5 3 4 5 2 5 3 4 3 3 3 2 3 5 
1
ТВ
4
Панькин Дмитрий Владимирович
4
6
5 5 2 3 2 2 5 2 4 5 3 2 4 5 3 3 5 5 3 4 4 4 5 4 3 2 5 3 5 5 4 3 5 4 4 4 5 2 3 4 
0
ЯМП
1
Желтяков Михаил Александрович
4
3
4 3 3 2 5 3 4 2 2 5 4 2 5 4 4 5 5 3 3 4 2 3 4 4 2 3 4 3 2 5 3 3 3 4 3 3 3 4 4 2 
0
ТВ
4
Качалкова Дарья Сергеевна
2
8
3 4 4 4 4 4 2 5 3 4 5 4 2 5 3 4 2 2 4 3 
1
МА
2
Панькин Дмитрий Владимирович
2
7
2 3 3 5 5 4 5 3 2 3 4 4 5 2 5 4 4 2 2 2 
0
АиАС
2
Качалкова Дарья Сергеевна
2
3
4 2 3 4 2 5 4 4 2 4 5 3 4 4 5 4 5 5 3 5 
0
МА
2
Кракова Софья Павловна
4
5
5 5 2 4 4 3 4 4 2 2 4 4 2 4 5 5 2 3 4 5 2 2 2 2 5 4 3 5 2 5 2 2 5 2 2 2 4 3 3 2 
0
МЛиТА
1
Качалкова Дарья Сергеевна
3
5
5 5 4 4 2 2 5 3 5 4 5 5 4 2 5 2 3 2 3 4 4 3 5 2 4 4 5 3 3 3 
0
ТВ
4
Аксянов Даниил Владимирович
2
8
2 5 3 5 3 5 4 5 4 3 4 3 4 4 5 3 4 3 4 2 
0
ТВ
4
Гладких Александр Владимирович
3
6
4 4 2 3 3 4 3 4 2 5 3 3 3 4 4 2 4 4 2 4 5 3 5 3 2 4 3 2 4 3 
1
ТВ
2
Иванников Никита Сергеевич
2
6
4 3 2 3 4 3 5 2 5 2 4 3 3 5 5 3 5 4 3 2 
1
ЯМП
3
Акованцев Павел Максимович
1
2
5 2 5 4 5 2 2 3 2 4 
1
ЯМП
2
Иванников Никита Сергеевич
4
9
2 5 2 5 4 4 3 5 3 4 3 5 3 2 3 2 5 5 3 3 3 5 5 4 4 5 5 4 3 3 5 2 5 4 2 5 4 3 2 4 
1
ЯМП
2
Качалкова Дарья Сергеевна
1
5
3 3 4 2 2 2 2 3 2 2 
1
МЛиТА
4
Кракова Софья Павловна
4
2
4 4 3 4 5 2 4 5 2 3 4 3 4 2 2 2 3 4 3 4 4 5 2 2 3 4 4 5 3 5 2 2 2 5 5 2 5 5 5 5 
0
ТВ
4
Аксянов Даниил Владимирович
3
9
5 3 5 3 5 3 3 4 2 4 5 3 3 4 2 4 2 2 3 4 2 5 4 5 2 3 4 3 3 2 
0
МЛиТА
2
Кракова Софья Павловна
2
9
3 3 2 2 3 5 5 4 3 2 4 5 4 2 2 3 3 5 4 5 
0
АиАС
2
Гладких Александр Владимирович
2
2
2 5 4 5 3 2 5 5 4 5 4 3 5 5 4 4 4 3 4 2 
0
АиАС
2
Гудков Василий Михайлович
3
9
3 2 3 3 4 3 4 5 3 3 3 2 2 5 3 3 2 4 3 2 4 5 2 4 4 3 4 5 3 5 
1
АиАС
1
Корон Данил Евгеньевич
4
8
3 5 4 4 4 5 5 5 2 5 2 5 4 4 2 5 4 5 2 2 5 4 5 4 2 2 3 2 2 3 3 2 4 2 2 4 4 3 3 2 
1
ТВ
4
Корон Данил Евгеньевич
2
9
5 4 3 4 5 2 2 2 5 2 5 3 3 5 2 4 2 3 2 2 
0
ЯМП
2
Гудков Василий Михайлович
3
9
2 2 4 5 3 5 2 4 3 3 5 4 5 3 4 2 4 2 3 3 3 5 2 5 2 5 5 2 4 4 
0
МЛиТА
1
Корон Данил Евгеньевич
2
3
3 3 4 5 4 5 3 4 2 2 3 2 2 2 3 2 4 3 4 3 
1
ЯМП
4
Аксянов Даниил Владимирович
3
3
2 3 5 5 2 3 4 4 3 3 3 2 3 5 2 4 4 4 3 3 3 4 2 4 2 2 2 2 3 3 
0
ЯМП
3
Кракова Софья Павловна
2
6
5 4 5 3 3 2 4 3 2 4 5 3 5 5 5 2 4 2 5 3 
0
МЛиТА
1
Корон Данил Евгеньевич
3
2
3 3 5 4 5 4 4 5 3 4 4 5 2 3 2 2 2 2 4 5 5 2 4 4 4 4 2 3 4 4 
0
ЯМП
2
Аксянов Даниил Владимирович
4
3
3 2 3 2 5 3 2 2 2 2 5 4 2 5 3 4 2 4 4 5 3 4 4 5 4 4 3 4 5 4 5 3 4 5 3 3 4 5 5 3 
1
МЛиТА
4
Гладких Александр Владимирович
3
2
4 5 2 2 4 3 4 5 2 4 5 3 5 2 5 4 3 3 5 5 2 3 3 5 5 5 2 3 4 4 
1
ЯМП
4
Качалкова Дарья Сергеевна
4
4
5 4 4 2 2 3 3 2 2 3 4 5 4 2 5 3 2 3 3 4 2 3 2 4 5 4 4 5 5 5 4 4 5 5 2 4 3 3 4 4 
1
МА
1
Желтяков Михаил Александрович
3
8
5 2 5 3 4 4 5 3 4 5 3 2 2 5 4 3 3 2 2 2 3 5 5 4 5 5 2 5 2 5 
0
АиАС
3
Ковалёв Данил Юрьевич
4
1
5 4 4 3 4 5 4 2 3 2 2 3 5 2 2 3 2 4 4 2 5 5 5 3 5 3 2 3 3 4 4 2 3 5 5 4 5 4 3 4 
0
МЛиТА
2
Желтяков Михаил Александрович
2
6
3 3 5 2 4 4 2 5 5 3 2 5 4 5 2 3 4 2 5 5 
0
АиАС
3
Ковалёв Данил Юрьевич
3
7
4 5 3 5 4 2 4 3 4 2 5 3 4 4 4 4 2 4 4 2 4 3 4 5 4 2 5 5 4 4 
1
АиАС
3
Аксянов Даниил Владимирович
1
1
5 2 5 4 5 4 3 4 4 3 
0
ТВ
4
Аксянов Даниил Владимирович
3
8
5 5 4 4 3 3 4 4 2 5 4 4 3 5 4 3 5 3 5 3 5 4 2 5 2 5 5 5 2 2 
1
МА
2
Булгаков Ярослав Сергеевич
2
2
3 5 5 5 5 2 3 5 4 3 5 5 5 2 2 3 3 3 2 2 
1
ТВ
1
Кракова Софья Павловна
1
2
4 5 3 4 3 2 4 2 3 2 
0
АиАС
4
Булгаков Ярослав Сергеевич
3
5
5 3 5 2 3 3 4 4 4 5 5 2 5 4 4 5 5 5 4 5 3 4 5 2 2 4 4 5 4 5 
0
АиАС
4
Кракова Софья Павловна
3
9
4 2 3 3 2 4 4 2 2 3 5 5 5 4 4 4 3 2 3 3 2 3 4 3 5 3 3 4 3 3 
1
МА
1
Панькин Дмитрий Владимирович
1
1
5 5 3 5 2 3 4 2 4 5 
1
АиАС
3
Булгаков Ярослав Сергеевич
4
2
2 3 2 5 5 4 3 4 5 5 5 5 3 4 5 5 2 2 5 3 3 2 2 3 2 2 2 2 4 2 4 5 4 3 5 2 2 2 5 4 
1
ЯМП
2
Ковалёв Данил Юрьевич
3
8
5 3 3 3 4 5 3 2 2 4 3 5 5 4 4 4 3 2 4 4 2 2 2 2 2 4 5 5 4 5 
1
МЛиТА
1
Иванников Никита Сергеевич
1
2
4 2 4 3 5 5 3 3 3 4 
0
АиАС
2
Булгаков Ярослав Сергеевич
3
1
4 2 3 3 5 5 3 4 5 4 3 4 3 3 2 2 2 2 4 3 3 3 2 4 4 2 5 3 3 5 
1
МЛиТА
3
Гладких Александр Владимирович
2
5
3 2 5 5 2 5 4 2 5 4 2 2 2 2 2 4 3 5 5 4 
0
МЛиТА
4
Кракова Софья Павловна
3
3
3 5 5 3 5 4 4 3 2 5 2 4 5 5 3 4 4 3 3 5 5 4 2 4 2 3 3 4 2 5 
0
МА
2
Гладких Александр Владимирович
3
2
4 4 2 5 2 4 5 3 3 2 2 2 3 5 2 3 3 5 3 2 2 4 3 2 2 2 4 3 3 3 
1
ЯМП
1
Панькин Дмитрий Владимирович
3
4
5 2 4 4 5 4 5 2 3 4 2 5 3 4 3 5 2 4 3 4 3 2 3 5 4 5 3 2 2 3 
0
АиАС
2
Желтяков Михаил Александрович
2
9
2 2 5 4 4 3 4 2 5 4 5 5 4 3 2 4 4 3 2 2 
1
ТВ
2
Панькин Дмитрий Владимирович
3
2
3 3 4 2 2 2 4 3 2 5 2 4 4 2 5 3 2 4 2 5 2 2 4 3 2 5 2 4 4 4 
0
АиАС
3
Акованцев Павел Максимович
3
9
3 3 2 4 3 4 5 5 5 5 3 3 2 4 2 2 4 4 5 3 2 2 3 4 3 2 2 3 4 5 
1
МА
4
Панькин Дмитрий Владимирович
3
8
5 2 5 3 3 4 3 5 4 5 2 5 2 4 2 3 3 5 5 5 3 4 2 5 2 4 5 5 2 5 
0
ЯМП
2
Акованцев Павел Максимович
2
1
3 2 5 5 4 5 5 3 4 5 3 3 5 3 4 4 5 4 5 4 
1
АиАС
1
Иванников Никита Сергеевич
1
7
4 2 2 4 5 5 5 3 5 3 
0
АиАС
2
Булгаков Ярослав Сергеевич
4
3
4 2 3 4 3 3 4 4 5 2 3 4 3 5 2 4 2 3 5 4 4 2 4 4 4 3 5 3 4 4 2 3 5 5 2 2 4 3 5 4 
1
ЯМП
4
Качалкова Дарья Сергеевна
1
5
2 3 4 3 5 3 5 3 5 4 
0
МЛиТА
1
Качалкова Дарья Сергеевна
2
7
3 5 2 4 5 3 2 3 4 3 4 3 5 5 5 5 5 4 2 3 
0
АиАС
1
Качалкова Дарья Сергеевна
2
7
3 3 5 3 2 4 3 3 3 3 5 2 5 5 4 5 2 2 4 2 
0
ЯМП
3
Акованцев Павел Максимович
3
1
3 3 5 4 3 2 3 4 2 5 5 5 2 3 5 2 5 4 5 3 2 2 3 3 2 4 3 3 3 2 
0
МА
3
Качалкова Дарья Сергеевна
3
6
5 4 2 3 2 3 2 4 2 4 2 5 2 3 2 2 5 3 5 2 2 5 2 3 4 2 5 2 3 5 
1
АиАС
3
Гудков Василий Михайлович
1
3
5 2 2 2 4 2 3 3 3 5 
1
ЯМП
1
Ковалёв Данил Юрьевич
1
2
5 3 5 5 2 4 3 5 5 3 
1
АиАС
4
Гудков Василий Михайлович
4
3
2 5 5 2 3 2 5 5 5 2 4 3 4 2 5 5 3 5 3 2 3 4 2 4 5 3 2 3 3 2 2 2 5 5 3 2 4 3 2 3 
0
МА
3
Иванников Никита Сергеевич
3
5
5 5 3 4 4 2 4 4 4 3 4 2 5 2 3 5 4 5 4 4 5 4 2 5 4 5 3 2 2 2 
0
МА
3
Аксянов Даниил Владимирович
4
3
4 5 4 2 3 2 5 4 2 2 4 4 5 4 5 4 5 2 3 5 2 2 3 5 4 5 5 3 5 3 2 2 3 3 4 2 5 4 2 3 
0
МЛиТА
2
Акованцев Павел Максимович
3
3
4 5 5 2 3 2 3 4 3 3 4 5 2 4 4 4 2 5 5 3 3 2 4 2 3 5 3 4 3 3 
1
МЛиТА
1
Качалкова Дарья Сергеевна
2
4
3 4 5 5 4 3 4 2 4 4 5 4 4 5 2 2 2 4 3 5 
0
ТВ
2
Гудков Василий Михайлович
4
7
4 3 2 2 5 2 3 4 3 2 5 5 2 4 4 3 4 5 5 5 2 4 4 3 2 2 4 3 5 5 5 3 5 2 5 3 2 2 2 4 
1
ЯМП
2
Ковалёв Данил Юрьевич
4
1
5 5 5 4 4 2 5 5 2 4 5 4 3 4 3 5 2 2 5 3 3 5 5 2 5 3 3 4 2 4 4 5 4 3 4 5 2 2 3 5 
0
МА
3
Ковалёв Данил Юрьевич
2
9
2 5 5 5 2 2 3 3 4 4 3 2 5 4 5 2 5 5 5 4 
0
АиАС
2
Аксянов Даниил Владимирович
4
9
5 5 3 3 4 5 3 3 5 2 5 2 2 5 2 5 5 3 3 4 5 5 3 2 3 5 5 4 2 5 5 5 5 5 2 4 5 4 4 5 
1
АиАС
2
Панькин Дмитрий Владимирович
2
5
3 4 3 5 5 4 5 3 2 4 2 4 3 2 3 3 5 5 2 3 
1
ЯМП
1
Акованцев Павел Максимович
1
1
2 4 2 5 3 2 3 3 4 4 
1
АиАС
1
Корон Данил Евгеньевич
1
8
3 3 2 2 4 5 3 4 2 2 
0
ЯМП
3
Корон Данил Евгеньевич
1
6
3 3 3 3 2 2 2 4 4 5 
1
МЛиТА
2
Гудков Василий Михайлович
2
5
2 2 3 4 2 3 5 5 5 3 4 3 3 5 3 4 5 2 3 3 
1
АиАС
3
Кракова Софья Павловна
3
8
4 4 5 2 5 2 2 3 3 4 4 5 5 2 4 4 3 3 2 2 4 2 2 5 5 5 2 5 5 3 
0
МЛиТА
1
Корон Данил Евгеньевич
2
9
4 2 4 4 5 2 4 4 5 5 2 3 2 3 2 5 3 4 3 2 
0
МЛиТА
3
Гладких Александр Владимирович
1
8
3 3 5 2 2 3 5 4 4 4 
0
МЛиТА
1
Иванников Никита Сергеевич
3
2
4 4 2 4 2 3 3 3 2 3 2 5 5 5 5 5 2 5 3 5 2 3 2 3 5 4 2 2 3 3 
0
МЛиТА
1
